1000
-39
-77
-12
-94
-14
45
33
-7
-63
73
-8
-67
17
-90
71
82
-80
100
-19
15
37
-17
2
60
66
6
76
24
-68
15
-94
21
-83
-65
34
-96
-44
0
30
-49
-30
-13
39
-80
-18
-86
-44
-11
-33
73
77
68
70
-77
-30
-87
-8
89
95
66
35
68
15
-60
-93
-79
-85
-55
25
18
-3
-46
23
-44
-42
-49
10
-80
78
64
62
48
-89
-83
92
-89
-68
-7
-18
-38
-40
93
-32
100
4
-35
-92
-78
56
70
0
22
95
62
79
-9
85
-12
-8
-10
-18
39
-47
-61
59
-25
37
-99
-37
58
98
18
61
-89
48
-89
10
43
26
-50
-10
53
-77
17
79
-56
60
65
42
91
67
73
-10
71
-76
49
-8
-40
78
-75
-92
98
-74
9
67
60
28
-19
-32
-64
-80
-31
-61
-27
99
63
-95
-100
38
-80
-53
56
16
-24
35
-67
7
36
93
-76
33
94
16
-91
16
64
-56
-18
-91
46
-4
24
-8
-63
12
34
60
98
-76
37
26
65
21
-9
60
-27
38
12
-26
-80
10
30
-37
-39
-66
-79
52
84
-48
45
-50
-79
10
-84
-5
-41
25
-39
-7
-73
65
96
-24
-14
-32
-81
71
7
-98
-71
-62
-91
-97
-46
-37
-26
97
-31
59
-68
48
-58
26
87
-80
23
5
-82
74
-4
-82
15
66
11
-6
-71
-8
-8
-39
99
-54
-95
-29
-31
22
-97
-6
41
-69
-84
8
40
83
72
78
88
32
-7
67
70
-34
-98
-92
-92
57
-32
-81
-81
-22
70
83
-72
63
-6
66
33
-83
-7
39
-71
70
38
16
11
-12
-40
77
-57
37
79
-51
32
-19
-50
80
21
-45
-55
-62
-69
-71
-59
35
49
-53
58
-21
0
14
67
-66
90
-76
30
-55
21
9
46
55
-55
34
-48
-23
-9
-91
-56
-15
20
79
-57
-13
-70
-81
-94
63
81
88
-19
-3
-46
54
73
-36
31
-100
10
-2
5
72
100
72
38
-96
-82
13
-91
26
-7
29
63
-70
-2
-57
42
-76
-20
55
-89
-33
81
-36
-73
54
93
44
-60
14
-88
-81
74
2
-2
34
58
-76
88
62
-96
100
-56
52
-38
16
-50
19
-49
19
-90
-62
99
64
64
52
-67
-65
-82
-53
61
60
93
-1
-93
-84
-58
95
85
-27
-7
82
84
4
-61
-52
-2
33
64
-26
-71
-38
-45
91
73
41
85
-9
-43
-87
68
76
-81
34
-83
78
-52
17
45
56
87
-91
-19
-34
100
97
59
41
-67
65
10
-77
2
13
86
-69
-79
-36
99
45
-61
91
-35
92
93
-86
-19
-74
15
21
-56
-48
97
-1
29
-46
-15
21
92
-86
-19
4
-99
-83
-34
-72
7
-87
23
92
88
20
-5
70
-31
91
49
87
87
67
85
-80
-6
62
9
92
-80
25
-52
-66
-54
-16
36
-81
49
-59
-4
-53
-77
-47
0
77
50
82
21
-64
-56
14
-91
-74
71
-28
-81
4
77
-74
-13
38
66
-90
-43
74
51
-82
56
87
-6
-61
30
7
-22
-6
-41
-47
-4
-81
61
89
83
43
64
0
-23
48
34
64
-23
-98
76
76
92
76
-54
-30
-41
15
76
-32
89
-3
-33
-56
18
25
66
-27
-25
-21
-64
2
88
9
-17
67
73
50
-74
-29
9
15
-22
39
41
-62
27
54
-68
31
-11
18
-88
-76
82
86
15
97
-36
-47
27
46
50
48
-14
-8
-8
80
35
67
48
-89
3
-77
65
-40
-16
57
74
46
-45
-34
-44
100
58
-95
24
46
57
74
-40
-69
38
54
-45
-96
-78
99
93
-4
-21
-53
24
-58
-92
-80
-20
60
-5
-67
-69
-39
-67
49
22
50
-62
46
0
-54
-46
94
31
-79
91
69
-19
-76
-39
92
-45
-48
14
76
59
22
-3
-39
33
-45
-18
10
12
-86
91
-35
80
-90
-21
5
-1
-8
38
-84
27
-58
-96
-85
27
-31
83
-22
-85
92
88
-23
-87
16
51
35
4
58
64
75
-99
100
-34
44
-90
-87
37
-18
-43
78
-54
-43
54
-9
0
-47
-39
-15
-10
3
-15
-69
-47
-74
-75
63
-28
-28
-53
-34
-24
70
-52
20
20
55
-52
91
-26
-84
7
12
53
70
-97
70
-70
83
14
17
97
59
35
10
-3
-63
-8
8
-9
50
-26
82
79
61
71
63
29
6
-96
57
86
-95
21
69
34
-44
17
-20
67
-42
-6
1
-52
83
12
38
13
-36
-14
-12
51
-9
74
-6
-49
78
-35
-84
98
-45
-37
33
72
-31
67
40
97
-41
-74
-96
-14
-36
73
-23
-4
50
-78
-79
16
-76
-50
33
6
-42
-98
90
-13
78
81
-52
36
9
-34
22
61
91
-33
-1
-42
59
19
29
98
46
-8
55
24
-12
59
-23
38
53
93
63
49
-34
-20
-54
-3
-31
47
45
-21
-92
28
30
-6
-17
-90
-87
64
98
-56
-79
26
78
65
63
-84
-41
-42
100
-64
-58
-9
96
68
63
99
-61
12
13
59
-44
-14
47
-59
51
39
-86
61
55
-34
-58
38
-41
13
88
-32
-87
89
77
52
-22
-18
-69
-11
42
85
-54
-72
25
93
-10
77
-45
25
43
-51
71
-31
